42
41
41
40
39
39
38
37
36
35
34
33
32
31
31
32
31
31
30
29
28
27
27
26
28
27
26
27
28
27
27
28
27
27
26
28
27
26
27
28
27
27
26
28
27
26
27
28
27
27
26
28
27
26
27
28
27
27
26
25
28
27
26
25
27
26
28
27
26
27
28
27
27
26
25
24
23
23
24
23
23
24
23
23
24
23
23
22
24
23
22
23
22
24
23
22
23
22
24
23
22
23
22
21
20
19
19
18
17
20
19
18
17
19
18
17
16
15
14
13
13
14
13
13
12
11
10
9
8
8
9
8
8
7
6
6
7
6
6
7
6
6
7
6
6
5
7
6
5
6
7
6
6
7
6
6
5
7
6
5
6
7
6
6
7
6
6
5
4
7
6
5
4
6
5
4
3
2
1
0
0
1
0
0
1
0
0
1
0
0
1
0
0
1
0
0
1
0
0
1
0
0
1
0
0
1
0
0
1
0
0
1
0
0
1
0
0
1
0
0
1
0
0
1
0
0
1
0
0
1
0
0
1
0
0
1
0
0
1
0
0
1
0
0
1
0
0
1
0
0
1
0
0
1
0
0
1
0
0
1
0
0
1
0
0
1
0
0
1
0
0
1
0
0
1
0
0
1
0
0
1
0
0
1
0
0
True
